102577433
102580238
102600021
PGSC0003DMT400059174
102599296
102604688
102592163
102592969
PGSC0003DMT400007721
102604222
PGSC0003DMT400079915
102578396
102604659
102605472
102586674
102578407
PGSC0003DMT400021952
102603701
102593560
PGSC0003DMT400002872
102587196
102589798
102580337
102585058
102579491
PGSC0003DMT400078197
102605043
102587574
PGSC0003DMT400066770
PGSC0003DMT400024801
102590512
102597065
102594613
102595553
PGSC0003DMT400044808
102585048
PGSC0003DMT400034496
102603859
102586442
102587109
PGSC0003DMT400053661
102603891
102603390
102591223
102578859
102604583
102590431
102579136
PGSC0003DMT400016911
PGSC0003DMT400005427
102604824
102582667
102599270
102596272
102604163
102580154
102585784
102590182
102587684
PGSC0003DMT400021038
102581875
102580017
CHS1B
102603797
102588127
102601905
102605977
102604773
102582206
102583232
102605580
PGSC0003DMT400073084
102585761
102596668
102600125
102598532
102590502
PGSC0003DMT400021697
PGSC0003DMT400021699
102606212
102593580
PGSC0003DMT400063605
102582645
102596937
102582317
PGSC0003DMT400028915
PGSC0003DMT400072632
102582462
102595124
102582524
PGSC0003DMT400002595
107058768
102594988
102584902
PGSC0003DMT400081297
PGSC0003DMT400079885
102588992
102585342
102584723
102606382
InvGF
Pain-1
102601840
102601663
102598451
102598888
102604947
PGSC0003DMT400006585
PGSC0003DMT400083452
102597582
102590563
PGSC0003DMT400024220
