9266719
4342078
9267234
4332187
4336992
107278759
4324587
107279825
4335538
4334214
4330760
4346471
4347673
4346548
9269832
9272074
4345756
4343939
4343027
107278742
4341571
4341578
4339561
4337542
9268582
4338805
4337752
9271155
4336469
4337188
4331318
4331540
4332926
4334479
4328743
9269377
4331165
4330757
9269675
112937426
4352864
107275415
4349725
4348713
4349408
4324554
9269614
4325766
4325763
4324906
9271558
107279656
4344702
107281927
107275395
4327776
9269126
4344602
107277150
4334324
107277375
4334845
107275799
4340563
4339277
4332226
112936006
4332492
4325584
4328300
9267913
4344528
4345857
4341925
4335673
4332718
9271484
4348693
4325034
4327118
4342072
4347181
4336019
107280366
4347707
4347787
4345617
4344698
4342015
4339337
4336042
4336243
4332241
107280495
4331838
4328136
4330579
9268197
4351754
107279659
4349776
4349072
4327051
107276545
107276856
4352491
107281270
107276008
4344584
4342410
9267511
4339642
4337435
4333022
9266999
9271392
4347401
112936426
9269734
4344605
4343002
4343395
4339387
9267741
107280897
4336784
4335952
9271773
112937953
4330484
4330297
9267931
4329602
4329878
4329598
4349875
9268790
4324294
4327389
4324540
112938873
4326439
107279495
107278933
107275375
4342439
4329283
4351289
4351861
9266997
4349000
4338531
4328800
4329702
4327885
4347702
4340957
4347715
4343166
4344087
4335176
4335949
4331698
4329339
107279569
9267037
107279348
4325594
107279986
4340758
4328155
107281355
4330971
4346716
112939361
4341947
4338919
4328745
107278311
4336650
4330388
9271584
4351699
4337863
112939574
4343185
107277920
4341841
4339144
4335668
4332026
4329918
4350788
4346305
4340210
107277721
4339196
107275773
9269273
4344612
4340306
4336833
4348561
107276273
4324709
4343413
9271607
4324660
9267527
4337853
107275493
4335116
4350794
9270453
4348805
4351279
4347415
4342731
4330551
4347454
4341568
4346563
9267781
4341634
4339158
4338864
107280566
107276956
4348473
4349306
9270335
4327490
9268288
4352630
107279902
107281538
112936119
107275678
4332626
9272267
4331757
4325572
4332996
4347126
4346668
112936352
4345421
4346240
4346290
4346089
9269978
4343836
4343371
4343741
4344298
107281536
4340431
9266709
4341119
4340912
112939368
9268658
9267453
4339379
4338037
4338906
112938999
4337692
4339384
4337886
4337599
4338959
4336472
4337063
112936014
4337289
107275723
9267541
4332258
4331478
4333472
4334294
4332699
9266705
4333673
9270943
4333967
4334685
107280211
4334167
107280250
9267012
9270221
4329422
4328725
4328584
4328025
112937877
4331186
4330868
4330339
9270575
4352129
4352878
4351431
4351847
4351457
9272455
4351370
4351248
4349742
4350136
107275499
107279467
9268179
4350997
4350399
4351041
4348097
4348996
9268431
4326407
4325105
4324959
4324898
4325058
4327602
4325930
107278438
4326305
112939049
4323911
4325473
4343841
4339481
107275916
4338309
107280933
4332068
9267959
4328996
4328528
4344573
4343046
4340892
9269758
107275635
4332781
9268512
107277139
4351436
4349719
107279176
4326268
9269770
9272552
4346794
4343526
4351038
9270101
107276024
4328407
4327606
9266816
4333702
4345368
4349640
107275818
4327996
9269094
4327022
4325736
9271721
9266525
107278580
4326204
112936120
4343918
4339356
9269521
4352311
4346562
4347050
4345275
4345873
4344694
4342558
4343268
4342694
107277096
4339128
4339558
4338772
4338092
4335731
112938716
4337391
4333043
4334787
4334404
4334402
107278598
4333945
4329159
4328237
4328024
9266606
107277889
9268876
9269948
4351145
112936638
107279689
9270745
9272225
107276197
4332603
107280253
107278245
4341068
4337016
4351766
107277722
4324269
4343505
4342388
107277622
9269607
107279942
4350031
4324475
9270097
107281691
112939593
112939590
4342081
4337691
4330689
107276287
9271453
4327160
9269285
107276436
4342180
4341683
4330902
107277962
9271871
9267088
4345790
4340386
4340106
4328539
4351524
4342049
4350137
4324013
4325002
4346843
9266663
4334952
4334290
107277503
4342673
4336465
107278207
4351330
9269489
4350595
4347935
9266046
4326270
4340177
4346109
4342645
4342396
4333326
4329067
4350194
4350222
9269875
112936101
4331379
4328702
4326712
4332109
4332376
4340443
4349453
107282086
9268457
107278869
4345399
9268048
4338064
4338912
4337792
4336802
4334954
4336342
4332230
107278290
4332097
4334096
4332044
4334478
4331330
4328735
 4328735
4328324
9271633
4331013
4352270
4350009
4350727
9270027
9267538
4327163
4327667
107281144
4326138
4349210
4342665
4333810
4334669
4348040
4349423
4332040
4346727
4340911
4340390
4330490
4334795
4347782
4346276
107276689
4339610
107275808
4337386
4329451
4329342
4325381
4327368
4324508
4343952
4343352
107277418
4342890
107277041
4340353
4340165
4340956
4341697
4338504
4339763
9269354
4337421
4331946
4333882
4334818
4332628
4332627
4334728
107275715
4332240
9269201
9267438
4329438
4329416
4328267
4328759
4328349
4331238
4331168
4329742
107277762
4352567
4351701
4352743
107276801
4350049
107278195
112936585
4325022
9270605
4323868
4326000
4345387
4327527
4344689
4345610
4332556
112937358
9267261
4349531
4327967
4352264
4341854
4332200
4334759
4329172
9269030
4350473
4327656
107277723
4337356
4331367
4331991
4347281
4347753
9271983
4347814
4345718
112939708
4343276
4342909
4344328
4343299
4340641
107281257
4341500
4337885
4339164
4339165
4337525
107275590
112938793
4336120
9271365
4337076
4332250
4333060
4331380
4329537
4329037
4328339
107275853
4330602
4351673
4350355
4351086
112936587
4348066
4324074
4339795
9270287
4348247
4347115
4337533
4323903
4327113
4347434
4345472
107278770
4340773
4342019
107276789
4341415
107281007
107275689
4336919
107280611
4336519
4332146
4331585
4332986
4334088
9269580
4329929
4352473
9270376
4324305
4326230
107276519
4348853
4340833
9270258
9268829
107281842
4345771
4345910
4343339
107279481
4325744
4328417
4344885
4340726
4339281
4327805
4347821
4344073
9267428
4332107
9270000
107278121
4333637
4350352
4326614
4343409
112939026
4337671
4331095
4346547
4344657
112939900
4342303
9267874
4343240
4334019
4332380
9268542
4330020
107275831
107277702
4325754
9268259
4326083
4342622
4342769
112939616
4343674
107275402
9266287
4340933
4338043
4338807
9270267
4336604
4332630
9270211
4332965
107280046
4330379
4329677
9269307
107275392
4351749
4349671
4348592
4349243
4348769
4325509
4341288
4347929
107278928
4347337
112939691
4342839
4340115
4337480
4328108
4330028
4324826
4325900
4326606
107275461
4342710
4343699
9270668
107281186
4334633
4352325
9271385
4345254
4345544
4343774
9270355
4337952
9269151
4336449
4336592
9266035
107276358
4332697
4332687
4333098
4334245
4334029
4330071
4352775
4352904
4351017
4339269
4344194
4343698
9267698
4339681
112938214
4331025
4352691
4327384
4324504
4324502
4324500
4324495
4324510
4324512
4339374
9268012
4331253
4331144
9266758
4324428
107281783
4342445
4330866
107276178
4325868
4327305
4343665
9269686
4333586
4352597
4349145
4325140
4332158
4334045
112937415
107276166
4336977
107278545
4344305
112939017
4339063
4341855
4340178
4323896
4324183
4352409
4329379
4344750
4345820
4339345
4332301
4327980
4349938
107279172
4325885
4325340
107275605
4337645
4351434
4345695
4343832
4340195
4338044
4337295
4334253
4332729
9267563
4328809
4328862
4329889
107277127
9268204
4334849
4342262
107275770
4324331
107275456
4344922
4347996
4347492
4339977
4335089
4331005
4334220
4333329
4347682
9266455
4347632
4344710
4345879
4342770
4343388
9268712
107280582
4336732
4336229
4333571
4331826
4328632
4330701
4330640
4325091
4350398
4351690
4344655
9267605
107275536
4331353
4332080
4328685
4349916
4324210
4324673
4347311
4332031
4347560
4344410
9268279
4338333
4325928
112936152
9267070
9271701
4342435
107276693
4329640
4327411
4327479
107280651
107277568
107276903
9270748
4330983
9269703
107275918
4328076
4330670
4330185
4341630
4329134
4347005
4352708
4344291
4330041
4329752
9268466
9270011
4335093
4339099
4339589
107275616
112938816
107277078
4328988
4348486
4341771
9267647
4332409
4345576
4342995
4340925
4340753
4329059
107277616
4324624
4324606
4341426
4333727
9272034
4349087
9266654
4337686
107275798
107279107
9269256
4324584
4345883
107281429
4337586
4335014
4352585
107275940
4337257
4351734
9271537
4347677
4345408
4344848
4344267
4340855
4340858
4339298
4336912
4333212
4332433
4330492
4352592
4350996
4348595
9268976
4344306
4344043
9271676
4330644
4324218
4327216
4337172
4347520
4347750
4342472
4340800
4337360
4335750
4335068
4329145
4329275
4330003
107280032
112936058
4350187
4324082
4327072
112937592
4346699
4337178
4344566
4346159
4340340
107276993
4334412
4331533
9267318
4344358
4342528
4336341
4349939
4349026
4347999
4324798
4324600
4327184
9269185
4324390
107281895
4344744
4345613
4345494
4345985
4345964
112939834
112939637
4340110
9271403
4341066
4341906
4339792
4339469
4339436
107280573
4334921
4332586
4334396
4333696
4331157
4350906
4350883
107279242
4350105
4349141
107279145
9270671
4326532
4325089
4327303
4330940
4332567
4344975
4330744
4352232
4350745
4337210
4331134
4330769
107278768
4345797
4337164
4328284
107280126
4349097
4345835
107281894
9270490
4341912
4340639
107281221
4337986
9267589
4337973
4339740
4339652
4334935
4334969
107277058
4336199
4331599
107277166
4334009
4334135
4329375
107280094
4330591
4330578
112936903
4348288
4349490
4348661
107279026
9267759
9271065
4326151
107275685
4336451
4338949
107278660
4345502
4344399
4341167
4339923
4340363
107277103
4337036
4335677
4330904
4351362
4349638
4350459
4347973
9267523
107279122
107280158
4325628
4347588
4343610
4342544
4341965
107275835
9271451
4332784
4333814
4329554
9271823
107276623
4350837
4348266
4324980
4326378
9268026
4347809
4344693
4343446
4342978
4340299
4337909
4334910
4333806
107277302
107279605
4349275
4324056
4342048
4340921
4340986
107276915
4335478
9267846
4347706
107276118
4348365
9267772
107275866
4326289
4325348
4342485
4343579
4335173
4335425
9270100
4330709
4329599
4348855
4349265
4325591
4325666
4326033
4341201
4342017
4343220
107278493
4342143
4337546
4338755
9271339
107276391
4346508
9268705
9267313
9267831
4329941
4327742
4327364
4347298
4347565
9272359
9266515
107278196
4341646
4328252
4344338
4341645
9272115
4341432
107276671
112939052
112939015
112938795
112938789
4335929
4336455
4331650
112938335
4352350
4352815
112937011
112936858
9267710
107277649
4324644
9271309
107275246
9270998
4347823
107275632
4339334
9270381
107280290
4329297
4328287
4327994
4324101
4347176
4345705
4343322
4343794
4342235
4340695
4339910
4341082
9268260
4337729
9271571
4336621
4335326
4328917
4352174
4350563
4349379
4327177
4325788
4325800
4351976
4328135
9267933
4326546
4347221
4337619
9271317
4343648
107277713
9272726
4345304
9266340
9266224
107275933
4349847
4324405
4347172
4345628
4341853
4333079
4327983
4351546
107275781
4346820
4338689
4348206
4326967
4324118
4325342
4341252
4338746
4328828
4331920
4351537
4351539
4325438
112935992
4329862
4342018
4339675
4337228
4333522
4334099
4328043
4330501
4349778
9266434
4341798
4333669
4351587
107276887
4348692
4326830
4326744
112939346
4347359
4346853
4345819
4344628
107280919
4327430
4345932
107281890
4346881
4345143
4342726
4344157
4344276
4341941
107275675
107277285
4340799
4340171
4338054
4336960
4335012
4335776
4336318
4336336
112936083
107277724
4331839
4333109
4328016
4331019
4351393
9269725
4350660
4349313
4324110
4324451
4345365
4341462
9272303
9268510
4347794
4337807
9268513
4330783
4350472
4347320
4345631
4345209
4345800
9270814
4340862
4341569
4339073
107278224
4335824
4333574
4331748
4332190
4333998
107279351
4326521
4325847
4326027
9269064
4347123
4346863
107275670
4344766
9271290
4342164
9269856
9266475
4339200
4337970
4339234
112938751
4331563
4331875
4328518
107280196
4331274
4329872
9269482
107276503
4348731
4348562
4325125
112938296
4339072
4350664
4337317
107278723
4337508
4351771
4349372
4348880
4324533
107277276
112936402
4345065
107276939
9268125
107277102
4340142
4341541
4339878
4341023
107275291
107278080
4339504
4339443
9268140
4335966
4335861
9270694
107276337
4333886
4333885
4329163
4328562
4350109
107276258
107279827
107278531
4329393
107277200
4344186
9272603
107276043
4336377
9269046
4331008
4349598
4327905
4327635
107276570
107276791
107278711
4345314
4345775
4343390
107277719
4343256
4339185
4339578
4339142
4328692
4328486
4330159
4351085
4348919
4348610
107276411
4325407
4325561
4324511
9270751
4331345
4344172
4342398
107278043
4332049
4328305
4352130
4351614
4325001
4327872
4325329
9266585
4339391
4336851
4333936
9269659
4328633
4351350
4351005
4324010
4327205
107277953
107277867
107275662
4343701
9271931
4341701
4336371
4335826
107276675
107281949
4332736
4342290
9266196
4346808
4345795
4342470
4344268
4339938
4339944
4346611
4351290
9270965
9266027
4343229
4333256
4329081
4325826
4327790
4350633
4340543
4340373
4339756
4337245
4351386
9266656
9269757
4347856
4344935
107276527
4343620
9271697
4343927
4343574
4340658
4340037
4337902
9271418
4339592
4337191
4336976
4336975
4332036
4332722
4331306
4350954
9267529
4350514
4350814
107277123
9270830
107275992
4346315
107276852
4327108
4344546
4345653
9268755
4327016
4336523
4333493
4350424
4342753
9268159
4341720
112936099
4338738
4337930
4338424
9269965
4335132
4337474
4336959
4328676
4330499
4352818
4351217
4326360
4332079
4346208
4350681
4346186
4346344
4342487
4343769
4338363
4335187
4336035
4336268
4336269
4332129
112936055
4328111
4330966
4330232
4352659
4352803
4351721
9267168
4350311
4350217
4324364
4344671
4343196
4342563
9269202
4344251
107276103
4340915
4341281
4338062
4336751
4337084
4335058
4337140
4333009
9272589
4330293
4330280
4351296
4352388
107276760
107276224
4327359
4325613
4323913
107279988
4347016
4326239
4342842
107277525
4339952
4339947
4337580
4334827
9270836
4334301
4352593
4348153
4326950
9270622
4345331
107275614
4337872
4336344
107277778
4325890
4345278
4329062
4352619
112936870
4350095
9271854
4343183
4346665
4344400
4337658
107276454
4331437
4325212
9268890
4337984
4336545